1.817346
-0.1132541
1.885063
1.293967
-0.8318868
-0.09915691
2.438314
0.08737702
1.057867
1.109341
0.3888922
0.6059092
-0.4954999
-0.5736039
0.4842865
0.6248358
0.9599569
0.4974069
-1.016239
0.9876846
-0.160096
1.456835
1.316045
-1.260653
-0.9079784
-0.02259432
-2.193677
-1.05392
-0.1411266
0.2383317
-1.234828
0.4929207
-0.867301
0.6940817
-1.033011
0.4565845
0.1588372
1.130942
0.5792195
0.3008283
-1.247349
-1.630704
-0.1959261
0.0344689
-0.3933908
-2.120719
0.2149416
0.7320931
-1.124221
-0.2147682
-1.180954
-0.9136423
-0.9136389
0.7439023
0.06549845
-1.713639
