-2.387828
-0.5263878
-1.503134
-0.7975758
-0.2494315
-0.4376912
-2.487671
0.07077819
-1.166749
-1.17573
-0.70761
-0.7024919
-0.3667172
-0.0887836
-0.1407583
-0.4681946
-0.729326
-0.3160528
0.7629545
-0.4922597
-0.6080834
-0.9200329
-0.5488482
0.3165866
0.4980727
-0.01827818
1.451926
1.566252
1.764806
-0.03882558
0.3006465
-0.01123014
0.2896171
0.6262325
-0.002101958
-1.059826
0.5571314
-0.7336558
-0.5946478
-0.9776825
0.6693475
0.9343957
-0.1859648
0.2515483
0.2122504
1.137554
-0.8066927
0.007708128
1.092773
0.8530351
1.73162
1.966938
1.367541
-0.1510736
0.2198555
2.751767
